                                                                 testspecs/spSpec-52885-1117-201.fit      -1.2775052       0.0901829       9.5704231       0.9555171       0.0265344       1.0173870       0.0148487       1.0017073       0.0228107       0.9509547       0.0217394       1.0231926       0.0274944       0.3657749       0.7256609      -2.2324347      -1.3196437      -9.5302591     -19.5015755       0.3317494       0.5422818      -2.5525331      -2.3006146      21.0620842       0.0814349       0.0301950    n
                                                                 testspecs/spSpec-52885-1117-210.fit      -2.4859011       0.0493459      14.6732817       0.9529878       0.0172225       1.0074400       0.0092492       1.0365554       0.0152345       0.9883282       0.0145975       0.9991464       0.0097449       0.0152874       0.2526872      -1.9385829      -1.9465786      -0.0196604      -0.5711970       0.0615749       1.0275197      29.3460941      26.8410110     134.1018372       0.3268817       0.0240388    n
                                                                 testspecs/spSpec-52885-1117-219.fit      -1.9350478       0.1015279       7.4795403       0.9122006       0.0293208       1.0133492       0.0171119       0.9649346       0.0253269       0.9451793       0.0248456       0.9349506       0.0343158       0.8538065       0.1724569      -2.7471936      -2.0506401       2.1378276       1.1004488       1.3674368       0.6884376       1.6964586       2.3682325      15.0346174       0.0675502       0.0416982    n
                                                                 testspecs/spSpec-52885-1117-242.fit      -1.2615566       0.2996082       2.4613814       0.9226193       0.0740042       0.9872381       0.0502662       0.8927692       0.0602405       0.8612872       0.0574977       0.8277524       0.0892869       0.2419054       0.1434897       9.4897060      12.7321892       0.1745655       1.3807076       0.1349465       0.8055528       2.3739214       2.1200891       3.5100138       0.0442180       0.1317116    n
                                                                 testspecs/spSpec-52885-1117-243.fit      -1.8445007       0.2013636       4.2722731       0.9950641       0.0637208       1.0523331       0.0342271       1.0718217       0.0574663       1.0226653       0.0548248       0.9859743       0.0884649       9.4646053       5.4412904      -2.4437044      -0.7618286      -0.6504554      -1.3077822      -2.0611575      -3.2065034      26.2201176      25.5293922       5.5498118       0.0477149       0.0743794    n
                                                                 testspecs/spSpec-52885-1117-246.fit       0.0623047       0.2535362       3.6739702       0.6583145       0.0440921       0.7843716       0.0412393       0.6010291       0.0315523       0.7587011       0.0379734       0.8292396       0.0474906       0.1576547       0.1864153       0.5071425       0.3145044       0.1350182       0.1141625       0.2232432       0.3033051       0.7791700       0.9064259       4.5324192       0.0467642       0.0877055    n
                                                                 testspecs/spSpec-52885-1117-250.fit      -2.3011981       0.2046651       4.7774191       0.9095145       0.0469598       1.0742618       0.0280642       1.0420599       0.0441617       0.9859123       0.0416200       1.0868189       0.0799405       0.2664820       0.1684362      -1.0635766      -0.7622218      -0.5732951      -2.1792743       1.7116143       5.5462379      -5.0416393      -3.1198759       7.7669668       0.0579055       0.0943374    n
                                                                 testspecs/spSpec-52885-1117-287.fit      -2.7570946       0.0823769      10.7912798       0.9497407       0.0268055       1.0164877       0.0145295       1.0177587       0.0236212       0.9978787       0.0232146       1.0115542       0.0310396       0.1642678       0.5059932      -1.2802979      -1.3596843      -0.4648964      -1.7613914       3.8919437      17.3351250     -19.4483223      -5.6616583      21.2425728       0.0809309       0.0314198    n
                                                                 testspecs/spSpec-52885-1117-288.fit      -0.8266877       0.2679029       3.9448583       0.9918041       0.0814963       1.0824035       0.0518427       1.0306917       0.0712919       1.0382406       0.0713826       1.1083567       0.1253094       9.8551283      12.0759659      -2.0542302      -1.3339515      -2.6317153      -3.5176246      -2.1122117      -2.9538105      -3.8724253      -2.8712533       4.1924505       0.0465925       0.0909864    n
                                                                 testspecs/spSpec-52885-1117-289.fit      -1.4143414       0.0878186       7.6332855       0.9377707       0.0250568       1.0586741       0.0153079       0.9584243       0.0209685       0.9529688       0.0209038       1.0156264       0.0225058       0.2099379       0.3614309      -0.6632616      -0.5370516       0.3142293       0.7362950       0.2777797       0.5860270      -4.5048971      -3.7841253      24.3728333       0.0926384       0.0352872    n
